15;15;C:\Users\Dalton\Documents\ECE385\NSPool\15ball.png;225;By SachaDee -2013-
255 0 255
255 0 255
255 0 255
255 0 255
255 0 255
0 0 0
0 0 0
0 0 0
0 0 0
0 0 0
255 0 255
255 0 255
255 0 255
255 0 255
255 0 255
255 0 255
255 0 255
255 0 255
0 0 0
0 0 0
255 255 255
255 255 255
255 255 255
255 255 255
255 255 255
0 0 0
0 0 0
255 0 255
255 0 255
255 0 255
255 0 255
255 0 255
0 0 0
255 255 255
255 255 255
255 255 255
255 255 255
255 255 255
255 255 255
255 255 255
255 255 255
255 255 255
0 0 0
255 0 255
255 0 255
255 0 255
0 0 0
21 0 136
21 0 136
21 0 136
21 0 136
21 0 136
21 0 136
21 0 136
21 0 136
21 0 136
21 0 136
21 0 136
0 0 0
255 0 255
255 0 255
0 0 0
21 0 136
21 0 136
21 0 136
21 0 136
255 255 255
255 255 255
255 255 255
21 0 136
21 0 136
21 0 136
21 0 136
0 0 0
255 0 255
0 0 0
21 0 136
21 0 136
21 0 136
21 0 136
0 0 0
255 255 255
0 0 0
0 0 0
0 0 0
21 0 136
21 0 136
21 0 136
21 0 136
0 0 0
0 0 0
21 0 136
21 0 136
21 0 136
255 255 255
0 0 0
255 255 255
0 0 0
255 255 255
255 255 255
255 255 255
21 0 136
21 0 136
21 0 136
0 0 0
0 0 0
21 0 136
21 0 136
21 0 136
255 255 255
0 0 0
255 255 255
0 0 0
0 0 0
0 0 0
255 255 255
21 0 136
21 0 136
21 0 136
0 0 0
0 0 0
21 0 136
21 0 136
21 0 136
255 255 255
0 0 0
255 255 255
255 255 255
255 255 255
0 0 0
255 255 255
21 0 136
21 0 136
21 0 136
0 0 0
0 0 0
21 0 136
21 0 136
21 0 136
21 0 136
0 0 0
255 255 255
0 0 0
0 0 0
0 0 0
21 0 136
21 0 136
21 0 136
21 0 136
0 0 0
255 0 255
0 0 0
21 0 136
21 0 136
21 0 136
21 0 136
255 255 255
255 255 255
255 255 255
21 0 136
21 0 136
21 0 136
21 0 136
0 0 0
255 0 255
255 0 255
0 0 0
21 0 136
21 0 136
21 0 136
21 0 136
21 0 136
21 0 136
21 0 136
21 0 136
21 0 136
21 0 136
21 0 136
0 0 0
255 0 255
255 0 255
255 0 255
0 0 0
255 255 255
255 255 255
255 255 255
255 255 255
255 255 255
255 255 255
255 255 255
255 255 255
255 255 255
0 0 0
255 0 255
255 0 255
255 0 255
255 0 255
255 0 255
0 0 0
0 0 0
255 255 255
255 255 255
255 255 255
255 255 255
255 255 255
0 0 0
0 0 0
255 0 255
255 0 255
255 0 255
255 0 255
255 0 255
255 0 255
255 0 255
255 0 255
0 0 0
0 0 0
0 0 0
0 0 0
0 0 0
255 0 255
255 0 255
255 0 255
255 0 255
255 0 255
