15;15;C:\Users\Dalton\Documents\ECE385\NSPool\2ball.png;225;By SachaDee -2013-
255 0 255
255 0 255
255 0 255
255 0 255
255 0 255
0 0 0
0 0 0
0 0 0
0 0 0
0 0 0
255 0 255
255 0 255
255 0 255
255 0 255
255 0 255
255 0 255
255 0 255
255 0 255
0 0 0
0 0 0
217 52 38
217 52 38
217 52 38
217 52 38
217 52 38
0 0 0
0 0 0
255 0 255
255 0 255
255 0 255
255 0 255
255 0 255
0 0 0
217 52 38
217 52 38
217 52 38
217 52 38
217 52 38
217 52 38
217 52 38
217 52 38
217 52 38
0 0 0
255 0 255
255 0 255
255 0 255
0 0 0
217 52 38
217 52 38
217 52 38
217 52 38
217 52 38
217 52 38
217 52 38
217 52 38
217 52 38
217 52 38
217 52 38
0 0 0
255 0 255
255 0 255
0 0 0
217 52 38
217 52 38
217 52 38
217 52 38
255 255 255
255 255 255
255 255 255
217 52 38
217 52 38
217 52 38
217 52 38
0 0 0
255 0 255
0 0 0
217 52 38
217 52 38
217 52 38
217 52 38
255 255 255
0 0 0
0 0 0
0 0 0
255 255 255
217 52 38
217 52 38
217 52 38
217 52 38
0 0 0
0 0 0
217 52 38
217 52 38
217 52 38
255 255 255
255 255 255
255 255 255
255 255 255
0 0 0
255 255 255
255 255 255
217 52 38
217 52 38
217 52 38
0 0 0
0 0 0
217 52 38
217 52 38
217 52 38
255 255 255
255 255 255
0 0 0
0 0 0
0 0 0
255 255 255
255 255 255
217 52 38
217 52 38
217 52 38
0 0 0
0 0 0
217 52 38
217 52 38
217 52 38
255 255 255
255 255 255
0 0 0
255 255 255
255 255 255
255 255 255
255 255 255
217 52 38
217 52 38
217 52 38
0 0 0
0 0 0
217 52 38
217 52 38
217 52 38
217 52 38
255 255 255
0 0 0
0 0 0
0 0 0
255 255 255
217 52 38
217 52 38
217 52 38
217 52 38
0 0 0
255 0 255
0 0 0
217 52 38
217 52 38
217 52 38
217 52 38
255 255 255
255 255 255
255 255 255
217 52 38
217 52 38
217 52 38
217 52 38
0 0 0
255 0 255
255 0 255
0 0 0
217 52 38
217 52 38
217 52 38
217 52 38
217 52 38
217 52 38
217 52 38
217 52 38
217 52 38
217 52 38
217 52 38
0 0 0
255 0 255
255 0 255
255 0 255
0 0 0
217 52 38
217 52 38
217 52 38
217 52 38
217 52 38
217 52 38
217 52 38
217 52 38
217 52 38
0 0 0
255 0 255
255 0 255
255 0 255
255 0 255
255 0 255
0 0 0
0 0 0
217 52 38
217 52 38
217 52 38
217 52 38
217 52 38
0 0 0
0 0 0
255 0 255
255 0 255
255 0 255
255 0 255
255 0 255
255 0 255
255 0 255
255 0 255
0 0 0
0 0 0
0 0 0
0 0 0
0 0 0
255 0 255
255 0 255
255 0 255
255 0 255
255 0 255
