15;15;C:\Users\Dalton\Documents\ECE385\NSPool\5ball.png;225;By SachaDee -2013-
255 0 255
255 0 255
255 0 255
255 0 255
255 0 255
0 0 0
0 0 0
0 0 0
0 0 0
0 0 0
255 0 255
255 0 255
255 0 255
255 0 255
255 0 255
255 0 255
255 0 255
255 0 255
0 0 0
0 0 0
39 127 255
39 127 255
39 127 255
39 127 255
39 127 255
0 0 0
0 0 0
255 0 255
255 0 255
255 0 255
255 0 255
255 0 255
0 0 0
39 127 255
39 127 255
39 127 255
39 127 255
39 127 255
39 127 255
39 127 255
39 127 255
39 127 255
0 0 0
255 0 255
255 0 255
255 0 255
0 0 0
39 127 255
39 127 255
39 127 255
39 127 255
39 127 255
39 127 255
39 127 255
39 127 255
39 127 255
39 127 255
39 127 255
0 0 0
255 0 255
255 0 255
0 0 0
39 127 255
39 127 255
39 127 255
39 127 255
255 255 255
255 255 255
255 255 255
39 127 255
39 127 255
39 127 255
39 127 255
0 0 0
255 0 255
0 0 0
39 127 255
39 127 255
39 127 255
39 127 255
255 255 255
0 0 0
0 0 0
0 0 0
255 255 255
39 127 255
39 127 255
39 127 255
39 127 255
0 0 0
0 0 0
39 127 255
39 127 255
39 127 255
255 255 255
255 255 255
0 0 0
255 255 255
255 255 255
255 255 255
255 255 255
39 127 255
39 127 255
39 127 255
0 0 0
0 0 0
39 127 255
39 127 255
39 127 255
255 255 255
255 255 255
0 0 0
0 0 0
0 0 0
255 255 255
255 255 255
39 127 255
39 127 255
39 127 255
0 0 0
0 0 0
39 127 255
39 127 255
39 127 255
255 255 255
255 255 255
255 255 255
255 255 255
0 0 0
255 255 255
255 255 255
39 127 255
39 127 255
39 127 255
0 0 0
0 0 0
39 127 255
39 127 255
39 127 255
39 127 255
255 255 255
0 0 0
0 0 0
0 0 0
255 255 255
39 127 255
39 127 255
39 127 255
39 127 255
0 0 0
255 0 255
0 0 0
39 127 255
39 127 255
39 127 255
39 127 255
255 255 255
255 255 255
255 255 255
39 127 255
39 127 255
39 127 255
39 127 255
0 0 0
255 0 255
255 0 255
0 0 0
39 127 255
39 127 255
39 127 255
39 127 255
39 127 255
39 127 255
39 127 255
39 127 255
39 127 255
39 127 255
39 127 255
0 0 0
255 0 255
255 0 255
255 0 255
0 0 0
39 127 255
39 127 255
39 127 255
39 127 255
39 127 255
39 127 255
39 127 255
39 127 255
39 127 255
0 0 0
255 0 255
255 0 255
255 0 255
255 0 255
255 0 255
0 0 0
0 0 0
39 127 255
39 127 255
39 127 255
39 127 255
39 127 255
0 0 0
0 0 0
255 0 255
255 0 255
255 0 255
255 0 255
255 0 255
255 0 255
255 0 255
255 0 255
0 0 0
0 0 0
0 0 0
0 0 0
0 0 0
255 0 255
255 0 255
255 0 255
255 0 255
255 0 255
