15;15;C:\Users\Dalton\Documents\ECE385\NSPool\9ball.png;225;By SachaDee -2013-
255 0 255
255 0 255
255 0 255
255 0 255
255 0 255
0 0 0
0 0 0
0 0 0
0 0 0
0 0 0
255 0 255
255 0 255
255 0 255
255 0 255
255 0 255
255 0 255
255 0 255
255 0 255
0 0 0
0 0 0
255 255 255
255 255 255
255 255 255
255 255 255
255 255 255
0 0 0
0 0 0
255 0 255
255 0 255
255 0 255
255 0 255
255 0 255
0 0 0
255 255 255
255 255 255
255 255 255
255 255 255
255 255 255
255 255 255
255 255 255
255 255 255
255 255 255
0 0 0
255 0 255
255 0 255
255 0 255
0 0 0
14 201 255
14 201 255
14 201 255
14 201 255
14 201 255
14 201 255
14 201 255
14 201 255
14 201 255
14 201 255
14 201 255
0 0 0
255 0 255
255 0 255
0 0 0
14 201 255
14 201 255
14 201 255
14 201 255
255 255 255
255 255 255
255 255 255
14 201 255
14 201 255
14 201 255
14 201 255
0 0 0
255 0 255
0 0 0
14 201 255
14 201 255
14 201 255
14 201 255
255 255 255
0 0 0
0 0 0
0 0 0
255 255 255
14 201 255
14 201 255
14 201 255
14 201 255
0 0 0
0 0 0
14 201 255
14 201 255
14 201 255
255 255 255
255 255 255
0 0 0
255 255 255
0 0 0
255 255 255
255 255 255
14 201 255
14 201 255
14 201 255
0 0 0
0 0 0
14 201 255
14 201 255
14 201 255
255 255 255
255 255 255
0 0 0
0 0 0
0 0 0
255 255 255
255 255 255
14 201 255
14 201 255
14 201 255
0 0 0
0 0 0
14 201 255
14 201 255
14 201 255
255 255 255
255 255 255
255 255 255
255 255 255
0 0 0
255 255 255
255 255 255
14 201 255
14 201 255
14 201 255
0 0 0
0 0 0
14 201 255
14 201 255
14 201 255
14 201 255
255 255 255
0 0 0
0 0 0
0 0 0
255 255 255
14 201 255
14 201 255
14 201 255
14 201 255
0 0 0
255 0 255
0 0 0
14 201 255
14 201 255
14 201 255
14 201 255
255 255 255
255 255 255
255 255 255
14 201 255
14 201 255
14 201 255
14 201 255
0 0 0
255 0 255
255 0 255
0 0 0
14 201 255
14 201 255
14 201 255
14 201 255
14 201 255
14 201 255
14 201 255
14 201 255
14 201 255
14 201 255
14 201 255
0 0 0
255 0 255
255 0 255
255 0 255
0 0 0
255 255 255
255 255 255
255 255 255
255 255 255
255 255 255
255 255 255
255 255 255
255 255 255
255 255 255
0 0 0
255 0 255
255 0 255
255 0 255
255 0 255
255 0 255
0 0 0
0 0 0
255 255 255
255 255 255
255 255 255
255 255 255
255 255 255
0 0 0
0 0 0
255 0 255
255 0 255
255 0 255
255 0 255
255 0 255
255 0 255
255 0 255
255 0 255
0 0 0
0 0 0
0 0 0
0 0 0
0 0 0
255 0 255
255 0 255
255 0 255
255 0 255
255 0 255
